# C30 complete size<=3 support tables; zero-based edge/shape IDs.
# S: support. Each following line: entries : bad IDs by phase 0..2^k-1.
# Phase bit i belongs to U path i, paths ordered by least edge ID,
# each path starts at its least endpoint. Phase bit is color(first)-5.
# Entries replace the input old word on sorted support IDs. -=no bad shape.
H 0 cycle 0,1,2,3 0,3,5,1
H 1 path 3,0,1,2,6 1,0,3,6
H 2 path 2,1,0,3,8 3,0,1,7
H 3 path 2,3,0,1,7 5,1,0,4
H 4 path 7,1,0,3,8 4,0,1,7
H 5 path 3,0,1,7,4 1,0,4,9
H 6 path 3,0,1,7,8 1,0,4,13
H 7 path 1,0,3,2,6 0,1,5,6
H 8 path 1,0,3,8,4 0,1,7,10
H 9 path 1,0,3,8,7 0,1,7,13
H 10 path 3,2,1,0,5 5,3,0,2
H 11 path 5,0,1,2,6 2,0,3,6
H 12 path 2,1,0,5,4 3,0,2,8
H 13 path 2,1,0,5,6 3,0,2,11
H 14 path 4,5,0,1,7 8,2,0,4
H 15 path 4,7,1,0,5 9,4,0,2
H 16 path 6,5,0,1,7 11,2,0,4
H 17 path 5,0,1,7,8 2,0,4,13
H 18 path 1,0,5,6,2 0,2,11,6
H 19 path 1,0,5,4,7 0,2,8,9
H 20 path 1,0,5,4,8 0,2,8,10
H 21 path 1,0,5,6,9 0,2,11,12
H 22 path 0,1,2,3,8 0,3,5,7
H 23 path 0,1,2,6,5 0,3,6,11
H 24 path 0,1,2,6,9 0,3,6,12
H 25 path 0,1,7,8,3 0,4,13,7
H 26 path 0,1,7,4,5 0,4,9,8
H 27 path 0,1,7,4,8 0,4,9,10
H 28 path 0,1,7,8,4 0,4,13,10
H 29 path 1,2,3,0,5 3,5,1,2
H 30 path 5,0,3,2,6 2,1,5,6
H 31 path 2,3,0,5,4 5,1,2,8
H 32 path 2,3,0,5,6 5,1,2,11
H 33 path 2,6,5,0,3 6,11,2,1
H 34 path 4,5,0,3,8 8,2,1,7
H 35 path 4,8,3,0,5 10,7,1,2
H 36 path 6,5,0,3,8 11,2,1,7
H 37 path 5,0,3,8,7 2,1,7,13
H 38 path 3,0,5,4,7 1,2,8,9
H 39 path 3,0,5,4,8 1,2,8,10
H 40 path 3,0,5,6,9 1,2,11,12
H 41 path 0,3,2,1,7 1,5,3,4
H 42 path 0,3,8,7,1 1,7,13,4
H 43 path 0,3,2,6,5 1,5,6,11
H 44 path 0,3,2,6,9 1,5,6,12
H 45 path 0,3,8,4,5 1,7,10,8
H 46 path 0,3,8,4,7 1,7,10,9
H 47 path 0,3,8,7,4 1,7,13,9
H 48 path 0,5,6,2,1 2,11,6,3
H 49 path 0,5,4,7,1 2,8,9,4
H 50 path 0,5,6,2,3 2,11,6,5
H 51 path 0,5,4,8,3 2,8,10,7
H 52 path 0,5,4,7,8 2,8,9,13
H 53 path 0,5,4,8,7 2,8,10,13
H 54 path 7,1,2,3,8 4,3,5,7
H 55 path 3,2,1,7,4 5,3,4,9
H 56 path 3,2,1,7,8 5,3,4,13
H 57 path 4,7,1,2,6 9,4,3,6
H 58 path 5,6,2,1,7 11,6,3,4
H 59 path 7,1,2,6,9 4,3,6,12
H 60 path 6,2,1,7,8 6,3,4,13
H 61 path 2,1,7,8,3 3,4,13,7
H 62 path 2,1,7,4,5 3,4,9,8
H 63 path 2,1,7,4,8 3,4,9,10
H 64 path 2,1,7,8,4 3,4,13,10
H 65 path 1,2,3,8,4 3,5,7,10
H 66 path 1,2,3,8,7 3,5,7,13
H 67 path 1,2,6,5,4 3,6,11,8
H 68 path 1,7,8,3,2 4,13,7,5
H 69 path 1,7,4,8,3 4,9,10,7
H 70 path 1,7,4,5,6 4,9,8,11
H 71 path 1,7,8,4,5 4,13,10,8
H 72 path 4,8,3,2,6 10,7,5,6
H 73 path 5,6,2,3,8 11,6,5,7
H 74 path 8,3,2,6,9 7,5,6,12
H 75 path 6,2,3,8,7 6,5,7,13
H 76 path 3,2,6,5,4 5,6,11,8
H 77 path 2,3,8,4,5 5,7,10,8
H 78 path 2,3,8,4,7 5,7,10,9
H 79 path 2,3,8,7,4 5,7,13,9
H 80 path 2,6,5,4,7 6,11,8,9
H 81 path 2,6,5,4,8 6,11,8,10
H 82 path 3,8,7,4,5 7,13,9,8
H 83 path 3,8,4,5,6 7,10,8,11
H 84 path 7,4,5,6,9 9,8,11,12
H 85 path 6,5,4,7,8 11,8,9,13
H 86 path 8,4,5,6,9 10,8,11,12
H 87 path 6,5,4,8,7 11,8,10,13
S 1
1 : 3,6,75,79,82;3,21,73,82;3,6,21,73,75,79;3;3;3,6,21,73,75,79;3,21,73,82;3,6,75,79,82
S 2
2 : 3,6,75,79,82;3,21,73,82;3,6,21,73,75,79;3;3;3,6,21,73,75,79;3,21,73,82;3,6,75,79,82
3 : 3,6,19,48,52,75,79,82;3,18,50,52,73,82;3,6,18,50,73,75,79;3,19,48;3,19,48;3,6,18,50,73,75,79;3,18,50,52,73,82;3,6,19,48,52,75,79,82
4 : 3,6,20,53,75,79,82;3,53,73,82;3,6,73,75,79;3,20;3,20;3,6,73,75,79;3,53,73,82;3,6,20,53,75,79,82
S 4
1 : 3,6,75,79,82;3,21,73,82;3,6,21,73,75,79;3;3;3,6,21,73,75,79;3,21,73,82;3,6,75,79,82
2 : 14,17,75,79,82;16,21,73,82;16,17,21,73,75,79;14;14;16,17,21,73,75,79;16,21,73,82;14,17,75,79,82
S 6
1 : 3,6,7,58,79,82;3,7,21,43,60,82;3,6,7,21,43,79;3,7,58,60;3,7,58,60;3,6,7,21,43,79;3,7,21,43,60,82;3,6,7,58,79,82
3 : 3,6,75,79,82;3,21,73,82;3,6,21,73,75,79;3;3;3,6,21,73,75,79;3,21,73,82;3,6,75,79,82
4 : 3,6,79,82;3,21,82;3,6,21,79;3;3;3,6,21,79;3,21,82;3,6,79,82
S 7
2 : 3,6;3,21;3,6,21;3;3;3,6,21;3,21;3,6
3 : 3,6,75,79,82;3,21,73,82;3,6,21,73,75,79;3;3;3,6,21,73,75,79;3,21,73,82;3,6,75,79,82
S 9
2 : 3,6,19,52,75;3,21,52,73;3,6,21,73,75;3,19;3,19;3,6,21,73,75;3,21,52,73;3,6,19,52,75
3 : 3,6,75,79,82;3,21,73,82;3,6,21,73,75,79;3;3;3,6,21,73,75,79;3,21,73,82;3,6,75,79,82
S 10
2 : 3,6,20,53,75,79,82;3,21,53,73,82;3,6,21,73,75,79;3,20;3,20;3,6,21,73,75,79;3,21,53,73,82;3,6,20,53,75,79,82
4 : 3,6,75,79,82;3,21,73,82;3,6,21,73,75,79;3;3;3,6,21,73,75,79;3,21,73,82;3,6,75,79,82
S 12
1 : 3,6,75,79,82;3,73,82;3,6,73,75,79;3;3;3,6,73,75,79;3,73,82;3,6,75,79,82
2 : 3,6,75,79,82;3,21,73,82;3,6,21,73,75,79;3;3;3,6,21,73,75,79;3,21,73,82;3,6,75,79,82
4 : 3,6,75,79,82;3,73,82;3,6,73,75,79;3;3;3,6,73,75,79;3,73,82;3,6,75,79,82
S 13
0 : 3,6,75,79,82;3,21,73,82;3,6,21,73,75,79;3;3;3,6,21,73,75,79;3,21,73,82;3,6,75,79,82
2 : 3;3,21,73;3,21,73;3
S 1,2
12 : 3,6,75,79,82;3,21,73,82;3,6,21,73,75,79;3;3;3,6,21,73,75,79;3,21,73,82;3,6,75,79,82
13 : 3,6,19,48,52,75,79,82;3,18,50,52,73,82;3,6,18,50,73,75,79;3,19,48;3,19,48;3,6,18,50,73,75,79;3,18,50,52,73,82;3,6,19,48,52,75,79,82
14 : 3,6,20,53,75,79,82;3,53,73,82;3,6,73,75,79;3,20;3,20;3,6,73,75,79;3,53,73,82;3,6,20,53,75,79,82
21 : 14,17,75,79,82;16,73,82;16,17,73,75,79;14;14;16,17,73,75,79;16,73,82;14,17,75,79,82
23 : 19,48,52,75,79,82;18,50,52,73,82;18,50,73,75,79;19,48;19,48;18,50,73,75,79;18,50,52,73,82;19,48,52,75,79,82
24 : 20,53,75,79,82;53,73,82;73,75,79;20;20;73,75,79;53,73,82;20,53,75,79,82
S 1,7
12 : 3,6;3,21;3,6,21;3;3;3,6,21;3,21;3,6
13 : 3,6,75,79,82;3,21,73,82;3,6,21,73,75,79;3;3;3,6,21,73,75,79;3,21,73,82;3,6,75,79,82
31 : 7,25,68;7,21,43,61;7,21,25,43,68;7,61;7,61;7,21,25,43,68;7,21,43,61;7,25,68
32 : 7;7,21,43;7,21,43;7;7;7,21,43;7,21,43;7
41 : 25,68;21,61;21,25,68;61;61;21,25,68;21,61;25,68
S 4,9
12 : 3,6,19,52,75;3,21,52,73;3,6,21,73,75;3,19;3,19;3,6,21,73,75;3,21,52,73;3,6,19,52,75
13 : 3,6,75,79,82;3,21,73,82;3,6,21,73,75,79;3;3;3,6,21,73,75,79;3,21,73,82;3,6,75,79,82
21 : 14,17,75;16,21,73;16,17,21,73,75;14;14;16,17,21,73,75;16,21,73;14,17,75
23 : 14,17,75,79,82;16,21,73,82;16,17,21,73,75,79;14;14;16,17,21,73,75,79;16,21,73,82;14,17,75,79,82
31 : 25,58,68,75;21,60,61,73;21,25,68,73,75;58,60,61;58,60,61;21,25,68,73,75;21,60,61,73;25,58,68,75
32 : 19,25,52,58,68,75;21,52,60,61,73;21,25,68,73,75;19,58,60,61;19,58,60,61;21,25,68,73,75;21,52,60,61,73;19,25,52,58,68,75
41 : 28,71,75;21,64,71,73;21,28,73,75;64;64;21,28,73,75;21,64,71,73;28,71,75
42 : 19,28,52,71,75;21,52,64,71,73;21,28,73,75;19,64;19,64;21,28,73,75;21,52,64,71,73;19,28,52,71,75
S 4,13
10 : 3,6,75,79,82;3,21,73,82;3,6,21,73,75,79;3;3;3,6,21,73,75,79;3,21,73,82;3,6,75,79,82
12 : 3;3,21,73;3,21,73;3
20 : 14,17,75,79,82;16,21,73,82;16,17,21,73,75,79;14;14;16,17,21,73,75,79;16,21,73,82;14,17,75,79,82
S 6,12
12 : 3,6,7,58,79,82;3,7,21,43,60,82;3,6,7,21,43,79;3,7,58,60;3,7,58,60;3,6,7,21,43,79;3,7,21,43,60,82;3,6,7,58,79,82
13 : 3,6,7,58,79,82;3,7,43,60,82;3,6,7,43,79;3,7,58,60;3,7,58,60;3,6,7,43,79;3,7,43,60,82;3,6,7,58,79,82
14 : 3,6,7,58,79,82;3,7,43,60,82;3,6,7,43,79;3,7,58,60;3,7,58,60;3,6,7,43,79;3,7,43,60,82;3,6,7,58,79,82
21 : 3,6,48,79,82;3,18,50,82;3,6,18,50,79;3,48;3,48;3,6,18,50,79;3,18,50,82;3,6,48,79,82
23 : 3,6,48,79,82;3,18,50,82;3,6,18,50,79;3,48;3,48;3,6,18,50,79;3,18,50,82;3,6,48,79,82
24 : 3,6,48,79,82;3,18,50,82;3,6,18,50,79;3,48;3,48;3,6,18,50,79;3,18,50,82;3,6,48,79,82
31 : 3,6,75,79,82;3,73,82;3,6,73,75,79;3;3;3,6,73,75,79;3,73,82;3,6,75,79,82
32 : 3,6,75,79,82;3,21,73,82;3,6,21,73,75,79;3;3;3,6,21,73,75,79;3,21,73,82;3,6,75,79,82
34 : 3,6,75,79,82;3,73,82;3,6,73,75,79;3;3;3,6,73,75,79;3,73,82;3,6,75,79,82
41 : 3,6,79,82;3,82;3,6,79;3;3;3,6,79;3,82;3,6,79,82
42 : 3,6,79,82;3,21,82;3,6,21,79;3;3;3,6,21,79;3,21,82;3,6,79,82
43 : 3,6,79,82;3,82;3,6,79;3;3;3,6,79;3,82;3,6,79,82
S 7,10
24 : 3,6;3,21;3,6,21;3;3;3,6,21;3,21;3,6
32 : 3,6,20,53,75,79,82;3,21,53,73,82;3,6,21,73,75,79;3,20;3,20;3,6,21,73,75,79;3,21,53,73,82;3,6,20,53,75,79,82
34 : 3,6,75,79,82;3,21,73,82;3,6,21,73,75,79;3;3;3,6,21,73,75,79;3,21,73,82;3,6,75,79,82
41 : 3,6,28,71;3,21,64,71;3,6,21,28;3,64;3,64;3,6,21,28;3,21,64,71;3,6,28,71
42 : 3,6,20,53;3,21,53;3,6,21;3,20;3,20;3,6,21;3,21,53;3,6,20,53
S 7,13
20 : 3,6;3,21;3,6,21;3;3;3,6,21;3,21;3,6
30 : 3,6,75,79,82;3,21,73,82;3,6,21,73,75,79;3;3;3,6,21,73,75,79;3,21,73,82;3,6,75,79,82
32 : 3;3,21,73;3,21,73;3
S 8,11
00 : 3,6,75,79,82;3,21,73,82;3,6,21,73,75,79;3;3;3,6,21,73,75,79;3,21,73,82;3,6,75,79,82
04 : 3,6,75,79,82,87;3,82,87;3,6,75,79;3;3;3,6,75,79;3,82,87;3,6,75,79,82,87
10 : 3,6,21,73,75,79;3;3,6,75,79;3,21,73;3,21,73;3,6,75,79;3;3,6,21,73,75,79
14 : 3,6,75,79;3;3;3,6,75,79
S 9,10
21 : 3,6,19,28,52,71,75;3,21,52,64,71,73;3,6,21,28,73,75;3,19,64;3,19,64;3,6,21,28,73,75;3,21,52,64,71,73;3,6,19,28,52,71,75
24 : 3,6,19,52,75;3,21,52,73;3,6,21,73,75;3,19;3,19;3,6,21,73,75;3,21,52,73;3,6,19,52,75
32 : 3,6,20,53,75,79,82;3,21,53,73,82;3,6,21,73,75,79;3,20;3,20;3,6,21,73,75,79;3,21,53,73,82;3,6,20,53,75,79,82
34 : 3,6,75,79,82;3,21,73,82;3,6,21,73,75,79;3;3;3,6,21,73,75,79;3,21,73,82;3,6,75,79,82
41 : 3,6,28,71,75;3,21,64,71,73;3,6,21,28,73,75;3,64;3,64;3,6,21,28,73,75;3,21,64,71,73;3,6,28,71,75
42 : 3,6,20,53,75;3,21,53,73;3,6,21,73,75;3,20;3,20;3,6,21,73,75;3,21,53,73;3,6,20,53,75
S 9,13
20 : 3,6,19,52,75;3,21,52,73;3,6,21,73,75;3,19;3,19;3,6,21,73,75;3,21,52,73;3,6,19,52,75
30 : 3,6,75,79,82;3,21,73,82;3,6,21,73,75,79;3;3;3,6,21,73,75,79;3,21,73,82;3,6,75,79,82
32 : 3;3,21,73;3,21,73;3
S 10,13
20 : 3,6,20,53,75,79,82;3,21,53,73,82;3,6,21,73,75,79;3,20;3,20;3,6,21,73,75,79;3,21,53,73,82;3,6,20,53,75,79,82
24 : 3,20;3,21,73;3,21,73;3,20
40 : 3,6,75,79,82;3,21,73,82;3,6,21,73,75,79;3;3;3,6,21,73,75,79;3,21,73,82;3,6,75,79,82
42 : 3;3,21,73;3,21,73;3
S 0,3,5
000 : 3,6,75,79,82;3,21,73,82;3,6,21,73,75,79;3;3;3,6,21,73,75,79;3,21,73,82;3,6,75,79,82
020 : 3,6,10,12,75,79,82;13,21,75,79,82;6,12,73,82;3,10,13,21,73,82;3,6,10,13,21,73,75,79;12,73,75,79;6,13,21;3,10,12;3,10,12;6,13,21;12,73,75,79;3,6,10,13,21,73,75,79;3,10,13,21,73,82;6,12,73,82;13,21,75,79,82;3,6,10,12,75,79,82
040 : 3,6,75,79,82;21,75,79,82;6,73,82;3,21,73,82;3,6,21,73,75,79;73,75,79;6,21;3;3;6,21;73,75,79;3,6,21,73,75,79;3,21,73,82;6,73,82;21,75,79,82;3,6,75,79,82
400 : 73,82;75,79,82;-;73,75,79;73,75,79;-;75,79,82;73,82
420 : 75,79,82;73,82;73,75,79;-;-;73,75,79;73,82;75,79,82
S 1,2,7
122 : 3,6;3,21;3,6,21;3;3;3,6,21;3,21;3,6
123 : 3,6,75,79,82;3,21,73,82;3,6,21,73,75,79;3;3;3,6,21,73,75,79;3,21,73,82;3,6,75,79,82
132 : 3,6,19,48,52;3,18,50,52;3,6,18,50;3,19,48;3,19,48;3,6,18,50;3,18,50,52;3,6,19,48,52
133 : 3,6,19,48,52,75,79,82;3,18,50,52,73,82;3,6,18,50,73,75,79;3,19,48;3,19,48;3,6,18,50,73,75,79;3,18,50,52,73,82;3,6,19,48,52,75,79,82
142 : 3,6,20,53;3,53;3,6;3,20;3,20;3,6;3,53;3,6,20,53
143 : 3,6,20,53,75,79,82;3,53,73,82;3,6,73,75,79;3,20;3,20;3,6,73,75,79;3,53,73,82;3,6,20,53,75,79,82
211 : 14,17,25,68;16,61;16,17,25,68;14,61;14,61;16,17,25,68;16,61;14,17,25,68
213 : 14,17,75,79,82;16,73,82;16,17,73,75,79;14;14;16,17,73,75,79;16,73,82;14,17,75,79,82
231 : 19,25,48,52,68;18,50,52,61;18,25,50,68;19,48,61;19,48,61;18,25,50,68;18,50,52,61;19,25,48,52,68
233 : 19,48,52,75,79,82;18,50,52,73,82;18,50,73,75,79;19,48;19,48;18,50,73,75,79;18,50,52,73,82;19,48,52,75,79,82
241 : 20,25,53,68;53,61;25,68;20,61;20,61;25,68;53,61;20,25,53,68
243 : 20,53,75,79,82;53,73,82;73,75,79;20;20;73,75,79;53,73,82;20,53,75,79,82
311 : 7,14,17,25,68;7,16,43,61;7,16,17,25,43,68;7,14,61;7,14,61;7,16,17,25,43,68;7,16,43,61;7,14,17,25,68
312 : 7,14,17;7,16,43;7,16,17,43;7,14;7,14;7,16,17,43;7,16,43;7,14,17
321 : 7,25,68;7,21,43,61;7,21,25,43,68;7,61;7,61;7,21,25,43,68;7,21,43,61;7,25,68
322 : 7;7,21,43;7,21,43;7;7;7,21,43;7,21,43;7
341 : 7,20,25,53,68;7,43,53,61;7,25,43,68;7,20,61;7,20,61;7,25,43,68;7,43,53,61;7,20,25,53,68
342 : 7,20,53;7,43,53;7,43;7,20;7,20;7,43;7,43,53;7,20,53
412 : 14,17;16;16,17;14;14;16,17;16;14,17
421 : 25,68;21,61;21,25,68;61;61;21,25,68;21,61;25,68
431 : 19,25,48,52,68;18,50,52,61;18,25,50,68;19,48,61;19,48,61;18,25,50,68;18,50,52,61;19,25,48,52,68
432 : 19,48,52;18,50,52;18,50;19,48;19,48;18,50;18,50,52;19,48,52
S 1,7,10
124 : 3,6;3,21;3,6,21;3;3;3,6,21;3,21;3,6
132 : 3,6,20,53,75,79,82;3,21,53,73,82;3,6,21,73,75,79;3,20;3,20;3,6,21,73,75,79;3,21,53,73,82;3,6,20,53,75,79,82
134 : 3,6,75,79,82;3,21,73,82;3,6,21,73,75,79;3;3;3,6,21,73,75,79;3,21,73,82;3,6,75,79,82
141 : 3,6,28,71;3,21,64,71;3,6,21,28;3,64;3,64;3,6,21,28;3,21,64,71;3,6,28,71
142 : 3,6,20,53;3,21,53;3,6,21;3,20;3,20;3,6,21;3,21,53;3,6,20,53
312 : 7,20,25,53,68;7,21,43,53,61;7,21,25,43,68;7,20,61;7,20,61;7,21,25,43,68;7,21,43,53,61;7,20,25,53,68
314 : 7,25,68;7,21,43,61;7,21,25,43,68;7,61;7,61;7,21,25,43,68;7,21,43,61;7,25,68
321 : 7,28,71;7,21,43,64,71;7,21,28,43;7,64;7,64;7,21,28,43;7,21,43,64,71;7,28,71
324 : 7;7,21,43;7,21,43;7;7;7,21,43;7,21,43;7
341 : 7,28,71;7,21,43,64,71;7,21,28,43;7,64;7,64;7,21,28,43;7,21,43,64,71;7,28,71
342 : 7,20,53;7,21,43,53;7,21,43;7,20;7,20;7,21,43;7,21,43,53;7,20,53
412 : 20,25,53,68;21,53,61;21,25,68;20,61;20,61;21,25,68;21,53,61;20,25,53,68
414 : 25,68;21,61;21,25,68;61;61;21,25,68;21,61;25,68
421 : 28,71;21,64,71;21,28;64;64;21,28;21,64,71;28,71
432 : 20,53,75,79,82;21,53,73,82;21,73,75,79;20;20;21,73,75,79;21,53,73,82;20,53,75,79,82
S 1,7,13
120 : 3,6;3,21;3,6,21;3;3;3,6,21;3,21;3,6
130 : 3,6,75,79,82;3,21,73,82;3,6,21,73,75,79;3;3;3,6,21,73,75,79;3,21,73,82;3,6,75,79,82
132 : 3;3,21,73;3,21,73;3
310 : 7,25,68;7,21,43,61;7,21,25,43,68;7,61;7,61;7,21,25,43,68;7,21,43,61;7,25,68
312 : 7;7,21,43;7,21,43;7
320 : 7;7,21,43;7,21,43;7;7;7,21,43;7,21,43;7
410 : 25,68;21,61;21,25,68;61;61;21,25,68;21,61;25,68
412 : -;21;21;-
S 2,8,11
200 : 3,6,75,79,82;3,21,73,82;3,6,21,73,75,79;3;3;3,6,21,73,75,79;3,21,73,82;3,6,75,79,82
204 : 3,6,75,79,82,87;3,82,87;3,6,75,79;3;3;3,6,75,79;3,82,87;3,6,75,79,82,87
210 : 3,6,21,73,75,79;3;3,6,75,79;3,21,73;3,21,73;3,6,75,79;3;3,6,21,73,75,79
214 : 3,6,75,79;3;3;3,6,75,79
300 : 3,6,19,48,52,75,79,82;3,18,50,52,73,82;3,6,18,50,73,75,79;3,19,48;3,19,48;3,6,18,50,73,75,79;3,18,50,52,73,82;3,6,19,48,52,75,79,82
304 : 3,6,19,52,75,79,82,87;3,52,82,87;3,6,75,79;3,19;3,19;3,6,75,79;3,52,82,87;3,6,19,52,75,79,82,87
320 : 3,6,18,50,73,75,79;3,48;3,6,48,75,79;3,18,50,73;3,18,50,73;3,6,48,75,79;3,48;3,6,18,50,73,75,79
400 : 3,6,20,53,75,79,82;3,53,73,82;3,6,73,75,79;3,20;3,20;3,6,73,75,79;3,53,73,82;3,6,20,53,75,79,82
401 : 3,6,20,53,75,79,82;3,53,82;3,6,75,79;3,20;3,20;3,6,75,79;3,53,82;3,6,20,53,75,79,82
420 : 3,6,73,75,79;3;3,6,75,79;3,73;3,73;3,6,75,79;3;3,6,73,75,79
421 : 3,6,75,79;3;3;3,6,75,79
S 4,7,13
120 : 3,6;3,21;3,6,21;3;3;3,6,21;3,21;3,6
130 : 3,6,75,79,82;3,21,73,82;3,6,21,73,75,79;3;3;3,6,21,73,75,79;3,21,73,82;3,6,75,79,82
132 : 3;3,21,73;3,21,73;3
220 : 14,17,25,68;16,21,61;16,17,21,25,68;14,61;14,61;16,17,21,25,68;16,21,61;14,17,25,68
230 : 14,17,75,79,82;16,21,73,82;16,17,21,73,75,79;14;14;16,17,21,73,75,79;16,21,73,82;14,17,75,79,82
420 : 28,71;21,64,71;21,28;64;64;21,28;21,64,71;28,71
S 4,9,10
121 : 3,6,19,28,52,71,75;3,21,52,64,71,73;3,6,21,28,73,75;3,19,64;3,19,64;3,6,21,28,73,75;3,21,52,64,71,73;3,6,19,28,52,71,75
124 : 3,6,19,52,75;3,21,52,73;3,6,21,73,75;3,19;3,19;3,6,21,73,75;3,21,52,73;3,6,19,52,75
132 : 3,6,20,53,75,79,82;3,21,53,73,82;3,6,21,73,75,79;3,20;3,20;3,6,21,73,75,79;3,21,53,73,82;3,6,20,53,75,79,82
134 : 3,6,75,79,82;3,21,73,82;3,6,21,73,75,79;3;3;3,6,21,73,75,79;3,21,73,82;3,6,75,79,82
141 : 3,6,28,71,75;3,21,64,71,73;3,6,21,28,73,75;3,64;3,64;3,6,21,28,73,75;3,21,64,71,73;3,6,28,71,75
142 : 3,6,20,53,75;3,21,53,73;3,6,21,73,75;3,20;3,20;3,6,21,73,75;3,21,53,73;3,6,20,53,75
212 : 14,17,20,28,53,71,75;16,21,53,64,71,73;16,17,21,28,73,75;14,20,64;14,20,64;16,17,21,28,73,75;16,21,53,64,71,73;14,17,20,28,53,71,75
214 : 14,17,75;16,21,73;16,17,21,73,75;14;14;16,17,21,73,75;16,21,73;14,17,75
234 : 14,17,75,79,82;16,21,73,82;16,17,21,73,75,79;14;14;16,17,21,73,75,79;16,21,73,82;14,17,75,79,82
241 : 14,17,75;16,21,73;16,17,21,73,75;14;14;16,17,21,73,75;16,21,73;14,17,75
242 : 14,17,20,28,53,71,75;16,21,53,64,71,73;16,17,21,28,73,75;14,20,64;14,20,64;16,17,21,28,73,75;16,21,53,64,71,73;14,17,20,28,53,71,75
312 : 20,25,53,58,68,75;21,53,60,61,73;21,25,68,73,75;20,58,60,61;20,58,60,61;21,25,68,73,75;21,53,60,61,73;20,25,53,58,68,75
314 : 25,58,68,75;21,60,61,73;21,25,68,73,75;58,60,61;58,60,61;21,25,68,73,75;21,60,61,73;25,58,68,75
321 : 19,25,52,58,68,75;21,52,60,61,73;21,25,68,73,75;19,58,60,61;19,58,60,61;21,25,68,73,75;21,52,60,61,73;19,25,52,58,68,75
324 : 19,25,52,58,68,75;21,52,60,61,73;21,25,68,73,75;19,58,60,61;19,58,60,61;21,25,68,73,75;21,52,60,61,73;19,25,52,58,68,75
341 : 25,58,68,75;21,60,61,73;21,25,68,73,75;58,60,61;58,60,61;21,25,68,73,75;21,60,61,73;25,58,68,75
342 : 20,25,53,58,68,75;21,53,60,61,73;21,25,68,73,75;20,58,60,61;20,58,60,61;21,25,68,73,75;21,53,60,61,73;20,25,53,58,68,75
412 : 20,53,75;21,53,73;21,73,75;20;20;21,73,75;21,53,73;20,53,75
414 : 28,71,75;21,64,71,73;21,28,73,75;64;64;21,28,73,75;21,64,71,73;28,71,75
421 : 19,52,75;21,52,73;21,73,75;19;19;21,73,75;21,52,73;19,52,75
424 : 19,28,52,71,75;21,52,64,71,73;21,28,73,75;19,64;19,64;21,28,73,75;21,52,64,71,73;19,28,52,71,75
432 : 20,53,75,79,82;21,53,73,82;21,73,75,79;20;20;21,73,75,79;21,53,73,82;20,53,75,79,82
S 4,9,13
120 : 3,6,19,52,75;3,21,52,73;3,6,21,73,75;3,19;3,19;3,6,21,73,75;3,21,52,73;3,6,19,52,75
130 : 3,6,75,79,82;3,21,73,82;3,6,21,73,75,79;3;3;3,6,21,73,75,79;3,21,73,82;3,6,75,79,82
132 : 3;3,21,73;3,21,73;3
210 : 14,17,75;16,21,73;16,17,21,73,75;14;14;16,17,21,73,75;16,21,73;14,17,75
230 : 14,17,75,79,82;16,21,73,82;16,17,21,73,75,79;14;14;16,17,21,73,75,79;16,21,73,82;14,17,75,79,82
310 : 25,58,68,75;21,60,61,73;21,25,68,73,75;58,60,61;58,60,61;21,25,68,73,75;21,60,61,73;25,58,68,75
312 : 58;21,73;21,73;58
320 : 19,25,52,58,68,75;21,52,60,61,73;21,25,68,73,75;19,58,60,61;19,58,60,61;21,25,68,73,75;21,52,60,61,73;19,25,52,58,68,75
410 : 28,71,75;21,64,71,73;21,28,73,75;64;64;21,28,73,75;21,64,71,73;28,71,75
412 : -;21,73;21,73;-
420 : 19,28,52,71,75;21,52,64,71,73;21,28,73,75;19,64;19,64;21,28,73,75;21,52,64,71,73;19,28,52,71,75
421 : 19;21,73;21,73;19
S 4,10,13
120 : 3,6,20,53,75,79,82;3,21,53,73,82;3,6,21,73,75,79;3,20;3,20;3,6,21,73,75,79;3,21,53,73,82;3,6,20,53,75,79,82
124 : 3,20;3,21,73;3,21,73;3,20
140 : 3,6,75,79,82;3,21,73,82;3,6,21,73,75,79;3;3;3,6,21,73,75,79;3,21,73,82;3,6,75,79,82
142 : 3;3,21,73;3,21,73;3
240 : 14,17,75,79,82;16,21,73,82;16,17,21,73,75,79;14;14;16,17,21,73,75,79;16,21,73,82;14,17,75,79,82
420 : 20,53,75,79,82;21,53,73,82;21,73,75,79;20;20;21,73,75,79;21,53,73,82;20,53,75,79,82
S 6,8,11
100 : 3,6,7,58,79,82;3,7,21,43,60,82;3,6,7,21,43,79;3,7,58,60;3,7,58,60;3,6,7,21,43,79;3,7,21,43,60,82;3,6,7,58,79,82
103 : 3,6,7,79,82,85;3,7,60,82,85;3,6,7,79;3,7,60;3,7,60;3,6,7,79;3,7,60,82,85;3,6,7,79,82,85
104 : 3,6,7,79,82,87;3,7,60,82,87;3,6,7,79;3,7,60;3,7,60;3,6,7,79;3,7,60,82,87;3,6,7,79,82,87
110 : 3,6,7,21,43,76,79;3,7,58,60,67;3,6,7,58,67,79;3,7,21,43,60,76;3,7,21,43,60,76;3,6,7,58,67,79;3,7,58,60,67;3,6,7,21,43,76,79
300 : 3,6,75,79,82;3,21,73,82;3,6,21,73,75,79;3;3;3,6,21,73,75,79;3,21,73,82;3,6,75,79,82
304 : 3,6,75,79,82,87;3,82,87;3,6,75,79;3;3;3,6,75,79;3,82,87;3,6,75,79,82,87
310 : 3,6,21,73,75,79;3;3,6,75,79;3,21,73;3,21,73;3,6,75,79;3;3,6,21,73,75,79
314 : 3,6,75,79;3;3;3,6,75,79
400 : 3,6,79,82;3,21,82;3,6,21,79;3;3;3,6,21,79;3,21,82;3,6,79,82
403 : 3,6,79,82,85;3,82,85;3,6,79;3;3;3,6,79;3,82,85;3,6,79,82,85
410 : 3,6,21,79;3;3,6,79;3,21;3,21;3,6,79;3;3,6,21,79
S 7,9,10
223 : 3,6,19,52,79,82;3,21,52,82;3,6,21,79;3,19;3,19;3,6,21,79;3,21,52,82;3,6,19,52,79,82
224 : 3,6,19,52,79,82;3,21,52,82;3,6,21,79;3,19;3,19;3,6,21,79;3,21,52,82;3,6,19,52,79,82
234 : 3,6;3,21;3,6,21;3;3;3,6,21;3,21;3,6
243 : 3,6;3,21;3,6,21;3;3;3,6,21;3,21;3,6
321 : 3,6,19,28,52,71,75;3,21,52,64,71,73;3,6,21,28,73,75;3,19,64;3,19,64;3,6,21,28,73,75;3,21,52,64,71,73;3,6,19,28,52,71,75
324 : 3,6,19,52,75;3,21,52,73;3,6,21,73,75;3,19;3,19;3,6,21,73,75;3,21,52,73;3,6,19,52,75
332 : 3,6,20,53,75,79,82;3,21,53,73,82;3,6,21,73,75,79;3,20;3,20;3,6,21,73,75,79;3,21,53,73,82;3,6,20,53,75,79,82
334 : 3,6,75,79,82;3,21,73,82;3,6,21,73,75,79;3;3;3,6,21,73,75,79;3,21,73,82;3,6,75,79,82
341 : 3,6,28,71,75;3,21,64,71,73;3,6,21,28,73,75;3,64;3,64;3,6,21,28,73,75;3,21,64,71,73;3,6,28,71,75
342 : 3,6,20,53,75;3,21,53,73;3,6,21,73,75;3,20;3,20;3,6,21,73,75;3,21,53,73;3,6,20,53,75
421 : 3,6,19,28,52,71;3,21,52,64,71;3,6,21,28;3,19,64;3,19,64;3,6,21,28;3,21,52,64,71;3,6,19,28,52,71
423 : 3,6,19,52;3,21,52;3,6,21;3,19;3,19;3,6,21;3,21,52;3,6,19,52
431 : 3,6,28,71;3,21,64,71;3,6,21,28;3,64;3,64;3,6,21,28;3,21,64,71;3,6,28,71
432 : 3,6,20,53;3,21,53;3,6,21;3,20;3,20;3,6,21;3,21,53;3,6,20,53
442 : 3,6,20,53,79,82;3,21,53,82;3,6,21,79;3,20;3,20;3,6,21,79;3,21,53,82;3,6,20,53,79,82
443 : 3,6,79,82;3,21,82;3,6,21,79;3;3;3,6,21,79;3,21,82;3,6,79,82
S 7,9,13
220 : 3,6,19,52,79,82;3,21,52,82;3,6,21,79;3,19;3,19;3,6,21,79;3,21,52,82;3,6,19,52,79,82
223 : 3,19;3,21;3,21;3,19
230 : 3,6;3,21;3,6,21;3;3;3,6,21;3,21;3,6
320 : 3,6,19,52,75;3,21,52,73;3,6,21,73,75;3,19;3,19;3,6,21,73,75;3,21,52,73;3,6,19,52,75
330 : 3,6,75,79,82;3,21,73,82;3,6,21,73,75,79;3;3;3,6,21,73,75,79;3,21,73,82;3,6,75,79,82
332 : 3;3,21,73;3,21,73;3
S 7,10,13
240 : 3,6;3,21;3,6,21;3;3;3,6,21;3,21;3,6
320 : 3,6,20,53,75,79,82;3,21,53,73,82;3,6,21,73,75,79;3,20;3,20;3,6,21,73,75,79;3,21,53,73,82;3,6,20,53,75,79,82
324 : 3,20;3,21,73;3,21,73;3,20
340 : 3,6,75,79,82;3,21,73,82;3,6,21,73,75,79;3;3;3,6,21,73,75,79;3,21,73,82;3,6,75,79,82
342 : 3;3,21,73;3,21,73;3
410 : 3,6,28,71;3,21,64,71;3,6,21,28;3,64;3,64;3,6,21,28;3,21,64,71;3,6,28,71
412 : 3;3,21;3,21;3
420 : 3,6,20,53;3,21,53;3,6,21;3,20;3,20;3,6,21;3,21,53;3,6,20,53
S 8,9,11
020 : 3,6,19,52,75;3,21,52,73;3,6,21,73,75;3,19;3,19;3,6,21,73,75;3,21,52,73;3,6,19,52,75
024 : 3,6,19,52,75,87;3,52,87;3,6,75;3,19;3,19;3,6,75;3,52,87;3,6,19,52,75,87
030 : 3,6,75,79,82;3,21,73,82;3,6,21,73,75,79;3;3;3,6,21,73,75,79;3,21,73,82;3,6,75,79,82
034 : 3,6,75,79,82,87;3,82,87;3,6,75,79;3;3;3,6,75,79;3,82,87;3,6,75,79,82,87
130 : 3,6,21,73,75,79;3;3,6,75,79;3,21,73;3,21,73;3,6,75,79;3;3,6,21,73,75,79
134 : 3,6,75,79;3;3;3,6,75,79
320 : 3,6,21,73,75,76;3,67;3,6,67,75;3,21,73,76;3,21,73,76;3,6,67,75;3,67;3,6,21,73,75,76
S 8,10,11
020 : 3,6,20,53,75,79,82;3,21,53,73,82;3,6,21,73,75,79;3,20;3,20;3,6,21,73,75,79;3,21,53,73,82;3,6,20,53,75,79,82
024 : 3,6,20,53,75,79,82;3,53,82;3,6,75,79;3,20;3,20;3,6,75,79;3,53,82;3,6,20,53,75,79,82
040 : 3,6,75,79,82;3,21,73,82;3,6,21,73,75,79;3;3;3,6,21,73,75,79;3,21,73,82;3,6,75,79,82
044 : 3,6,75,79,82,87;3,82,87;3,6,75,79;3;3;3,6,75,79;3,82,87;3,6,75,79,82,87
140 : 3,6,21,73,75,79;3;3,6,75,79;3,21,73;3,21,73;3,6,75,79;3;3,6,21,73,75,79
144 : 3,6,75,79;3;3;3,6,75,79
420 : 3,6,21,73,75,79;3;3,6,75,79;3,21,73;3,21,73;3,6,75,79;3;3,6,21,73,75,79
S 8,11,12
000 : 3,6,74,75,79,82;3,73,82;3,6,73,75,79;3,74;3,74;3,6,73,75,79;3,73,82;3,6,74,75,79,82
001 : 3,6,75,79,82;3,73,82;3,6,73,75,79;3;3;3,6,73,75,79;3,73,82;3,6,75,79,82
002 : 3,6,75,79,82;3,21,73,82;3,6,21,73,75,79;3;3;3,6,21,73,75,79;3,21,73,82;3,6,75,79,82
004 : 3,6,75,79,82;3,73,82;3,6,73,75,79;3;3;3,6,73,75,79;3,73,82;3,6,75,79,82
010 : 3,6,74,75,79,82;3,82;3,6,74,75,79;3;3,6,75,79,82;3,74,82;3,6,75,79;3,74;3,74;3,6,75,79;3,74,82;3,6,75,79,82;3;3,6,74,75,79;3,82;3,6,74,75,79,82
014 : 3,6,75,79,82;3,82;3,6,75,79;3;3;3,6,75,79;3,82;3,6,75,79,82
040 : 3,6,74,75,79,82,86,87;3,82,86,87;3,6,74,75,79;3;3,6,75,79,82,87;3,74,82,87;3,6,75,79,86;3,74,86;3,74,86;3,6,75,79,86;3,74,82,87;3,6,75,79,82,87;3;3,6,74,75,79;3,82,86,87;3,6,74,75,79,82,86,87
041 : 3,6,75,79,82,87;3,82,87;3,6,75,79;3;3;3,6,75,79;3,82,87;3,6,75,79,82,87
042 : 3,6,75,79,82,87;3,82,87;3,6,75,79;3;3;3,6,75,79;3,82,87;3,6,75,79,82,87
100 : 3,6,73,75,79;3,74;3,6,74,75,79;3,73;3,73;3,6,74,75,79;3,74;3,6,73,75,79
101 : 3,6,73,75,79;3;3,6,75,79;3,73;3,73;3,6,75,79;3;3,6,73,75,79
102 : 3,6,21,73,75,79;3;3,6,75,79;3,21,73;3,21,73;3,6,75,79;3;3,6,21,73,75,79
104 : 3,6,73,75,79;3;3,6,75,79;3,73;3,73;3,6,75,79;3;3,6,73,75,79
140 : 3,6,74,75,79;3;3,6,75,79;3,74;3,74;3,6,75,79;3;3,6,74,75,79
142 : 3,6,75,79;3;3;3,6,75,79
S 9,10,13
210 : 3,6,19,28,52,71,75;3,21,52,64,71,73;3,6,21,28,73,75;3,19,64;3,19,64;3,6,21,28,73,75;3,21,52,64,71,73;3,6,19,28,52,71,75
214 : 3,19;3,21,73;3,21,73;3,19
240 : 3,6,19,52,75;3,21,52,73;3,6,21,73,75;3,19;3,19;3,6,21,73,75;3,21,52,73;3,6,19,52,75
320 : 3,6,20,53,75,79,82;3,21,53,73,82;3,6,21,73,75,79;3,20;3,20;3,6,21,73,75,79;3,21,53,73,82;3,6,20,53,75,79,82
324 : 3,20;3,21,73;3,21,73;3,20
340 : 3,6,75,79,82;3,21,73,82;3,6,21,73,75,79;3;3;3,6,21,73,75,79;3,21,73,82;3,6,75,79,82
342 : 3;3,21,73;3,21,73;3
410 : 3,6,28,71,75;3,21,64,71,73;3,6,21,28,73,75;3,64;3,64;3,6,21,28,73,75;3,21,64,71,73;3,6,28,71,75
412 : 3;3,21,73;3,21,73;3
420 : 3,6,20,53,75;3,21,53,73;3,6,21,73,75;3,20;3,20;3,6,21,73,75;3,21,53,73;3,6,20,53,75
